C --------------------------------------
C       NETPATH 2.0 October 16, 1994
C                  by
C           Eric C. Prestemon
C
C    with technical assistance from
C L. Niel Plummer and David L. Parkhurst
C --------------------------------------
	
 Note: this is a modified phreeqe format database file for use with
 NETPATH. Comments may exist between groups of data (after the blank
 line, if between two keyword lines) or at the beginning of the file,
 as long as they do not match a key word.  

 Warning: Changing or deleting any of the elements and/or master
 species will cause incorrect results. Other species or minerals input
 may be modified.

c   lexcept: 1=Carbon 2=CO3 3=HCO3 4=H2CO3 5=HS 6=SO4 7=NO3 8=NH4 9=O2 10=N2 
c            11=CH4 12=DOC 13=DOX(entered) 14=O2(computed)
SPECIAL
  15  15  34  35  25  16  17  23  32  24  26  27  28  32

ELEMENTS
Ca         4   40.08       4  Ca+2
Mg         5   24.312      5  Mg+2
Na         6   22.9898     6  Na+
K          7   39.102      7  K+
Fe         8   55.847      8  Fe+2
Mn         9   54.9380     9  Mn+2
Al        10   26.9815    10  Al+3
Ba        11   137.34     11  Ba+2
Sr        12   87.62      12  Sr+2
Si        13   60.0848    13  SiO2
Cl        14   35.453     14  Cl-
C         15   61.0173    34  Carbon as HCO3 
SO        16   96.0616    16  SO4-2
NO        17   14.0067    17  NO3- as N 
B         18   10.81      18  B
P         19   30.9738    65  PO4-3 as P
F         20   18.9984    20  F-
Li        21   6.939      21  Li+
Br        22   79.904     22  Br-
NH        23   14.0067    23  NH4+ as N
N2        24   14.0067    24  N2 aq as N
HS        25   32.06      25  HS- as S
CH        26   16.0428    26  CH4
OC        27   12.011     27  DOC as C
DO        28   31.9988    28  O2 (user entered)

SPECIES
  1
H+          101 1.0       0.0       9.0       9.0                 -1.0
 0.0       0.0
  1 1.0
  2
E-          100 -1.0      0.0       0.0                           0.0
 0.0       0.0
  2 1.0
  3
H2O         100 0.0       0.0       0.0                           0.0
 0.0       0.0
  3 1.0
  4
Ca+2        101 2.0       0.0       6.0       5.0       0.165     0.0
 0.0       0.0
  4 1.0
  5
Mg+2        101 2.0       0.0       8.0       5.5       0.20      0.0
0.0       0.0
  5 1.0
  6
Na+         101 1.0       0.0       4.0       4.0       0.075     0.0
0.0       0.0
  6 1.0
  7
K+          101 1.0       0.0       3.0       3.5       0.015     0.0
0.0       0.0
  7 1.0
  8
Fe+2        100 2.0       2.0       6.0                           0.0
0.0       0.0
  8 1.0
  9
Mn+2        100 2.0       2.0       6.0                           0.0
 0.0       0.0
  9 1.0
 10
Al+3        100 3.0       0.0       9.0                           0.0
 0.0       0.0
 10 1.0
 11
Ba+2        100 2.0       0.0       5.0                           0.0
 0.0       0.0
 11 1.0
 12
Sr+2        101 2.0       0.0       5.0       5.26      0.121     0.0
 0.0       0.0
 12 1.0
 13
H4SiO4      100 0.0       0.0       0.0                           0.0
 0.0       0.0
 13 1.0
 14
Cl-         101 -1.0      0.0       3.0       3.5       0.015     0.0
 0.0       0.0
 14 1.0
 15
CO3-2       101 -2.0      4.0       4.5       5.4       0.0       2.0
 0.0       0.0
 15 1.0
 16
SO4-2       101 -2.0      6.0       4.0       5.0       -0.04     0.0
 0.0       0.0
 16 1.0
 17
NO3-        100 -1.0      5.0       3.0                           0.0
 0.0       0.0
 17 1.0
 18
H3BO3       100 0.0       0.0       0.0                           0.0
0.0       0.0
 18 1.0
 19
PO4-3       100 -3.0      0.0       4.0                           2.0
 0.0       0.0
 19 1.0
 20
F-          100 -1.0      0.0       3.5                           0.0
 0.0       0.0
 20 1.0
 21
Li+         100 1.0       0.0       6.0                           0.0
0.0       0.0
 21 1.0
 22
Br-         100 -1.0      0.0       3.0                           0.0
0.0       0.0
 22 1.0
 23
NH4+        100  1.       -3.       2.5        0.0       0.0      0.        
 0.0       0.0
 23 1.0   
 24
N2          100  0.        0.        0.        0.0       0.0      0.        
 0.0       0.0
 24 1.0   
 25
HS-         100  -1.      -2.       3.5        0.0       0.0      1.        
 0.0       0.0
 25 1.0   
 26
CH4 AQ      100 0.0       -4.0      0.0                           0.0
 0.0       0.0
 26 1.0
 27
DOC         100  0.        0.        0.        0.0       0.0      0.        
 0.0       0.0       
 27 1.0
 28
DOX         100  0.        0.        0.        0.0       0.0      0.        
 0.0       0.0
 28 1.0
 31
OH-         210 -1.0      0.0       3.5                           1.0
-14.000   13.362    -283.9710   -0.05069842 13323.0     102.24447   -1119669.0
  3 1.0     1 -1.0
 32
O2 AQ       300 0.0       4.0       0.0                           0.0
-86.08    134.79
  3 2.0     1 -4.0    2 -4.0
 33
H2 AQ       200 0.0       -2.0      0.0                           0.0
-3.15     -1.759
  1 2.0     2 2.0
 34
HCO3-       211 -1.0      4.0       4.5       5.4       0.0       1.0
 10.329    -3.561    107.8871    0.03252849  -5151.79    -38.92561   563713.9
 15 1.0     1 1.0
 35
H2CO3       310 0.0       4.0       0.0                           0.0
 16.681    -5.738    464.1965    0.09344813  -26986.16   -165.75951  2248628.9
 15 1.0     1 2.0     3 -1.0
 40
HSO4-       210 -1.0      6.0       0.0                           -1.0
 1.988     3.85      -56.889     0.006473    2307.9      19.8858
 16 1.0     1 1.0
 41
S-2         200 -2.0      -2.0      5.0                           2.0
-12.918    12.100 
 25 1.0     1 -1.0
 43
H2S         210 0.0       -2.0      0.0                           0.0
 6.994     -5.300    -11.17      0.02386     3279.0
 25 1.0     1 1.0
 48
NO2-        400 -1.0      3.0       3.0                           0.0
 28.57     -43.76
 17 1.0     1 2.0     2 2.0     3 -1.0
 50
NH3 AQ      210 0.0       -3.0      0.0                           1.0
-9.252    12.48      0.6322      -0.001225   -2835.76
 23 1.0     1 -1.0
 52
NH4SO4-     200 -1.0      3.0       0.0                           0.0
1.11      0.0
 23 1.0    16 1.0
 57
H2BO3-      200 -1.0      0.0       0.0                           1.0
-9.240    3.224
 18 1.0     1 -1.0
 58
BFOH3-      200 -1.0      0.0       0.0                           0.0
-0.40     1.85
 18 1.0    20 1.0
 59
BF2OH2-     400 -1.0      0.0       0.0                           0.0
7.63      1.618
 18 1.0    20 2.0     1 1.0     3 -1.0
 60
BF3OH-      400 -1.0      0.0       0.0                           0.0
13.67     -1.614
 18 1.0     1 2.0    20 3.0     3 -2.0
 61
BF4-        400 -1.0      0.0       0.0                           0.0
20.28     -1.846
 18 1.0     1 3.0    20 4.0     3 -3.0
 65
HPO4-2      200 -2.0      0.0       4.0                           1.0
 12.346    -3.53
 19 1.0     1 1.0
 66
H2PO4-      200 -1.0      0.0       4.5                           0.0
 19.553    -4.52
 19 1.0     1 2.0
 69
HF AQ       210 0.0       0.0       0.0                           -1.0
 3.18      3.18      -2.033      0.012645    429.01
  1 1.0    20 1.0
 70
HF2-        200 -1.0      0.0       0.0                           -1.0
 3.76      4.55
  1 1.0    20 2.0
 75
CaOH+       300 1.0       0.0       0.0                           1.0
 -12.78
  4 1.0     3 1.0     1 -1.0
 76
CaCO3       210 0.0       4.0       0.0                           2.0
3.224     3.545     -1228.732   -0.299440   35512.75     485.818
  4 1.0    15 1.0
 77
CaHCO3+     311 1.0       4.0       0.0       5.4       0.0       1.0
11.435    -0.871    1317.0071   0.34546894  -39916.84    -517.70761  563713.9
  4 1.0    15 1.0     1 1.0
 78
CaSO4       200 0.0       6.0       0.0                           0.0
2.30      1.65
  4 1.0    16 1.0
 79
CaHSO4      300 1.0       6.0       0.0                           -1.0
3.068     0.0
  4 1.0    16 1.0     1 1.0
 80
CaPO4-      200 -1.0      0.0       0.0                           2.0
6.459     3.100
  4 1.0    19 1.0
 81
CaHPO4      300 0.0       0.0       0.0                           1.0
15.085    -0.230
  4 1.0     1 1.0    19 1.0
 82
CaH2PO4+    300 1.0       0.0       0.0                           0.0
20.961    -1.120
  4 1.0     1 2.0    19 1.0
 83
CaF+        200 1.0       0.0       0.0                           0.0
0.940     4.12
  4 1.0    20 1.0
 85
MgOH+       300 1.0       0.0       0.0                           1.0
-11.44    15.592
  5 1.0     3 1.0     1 -1.0
 86
MgCO3       210 0.0       4.0       0.0                           2.0
2.98      2.713      0.9910      0.00667
  5 1.0    15 1.0
 87
MgHCO3+     310 1.0       4.0       0.0                           1.0
11.399    -2.771    48.6721     0.03252849  -2614.335     -18.00263  563713.9
  5 1.0     1 1.0    15 1.0
 88
MgSO4       200 0.0       6.0       0.0                           0.0
2.37      4.55
  5 1.0    16 1.0
 89
MgPO4-      200 -1.0      0.0       0.0                           2.0
6.589     3.100
  5 1.0    19 1.0
 90
MgHPO4      300 0.0       0.0       0.0                           1.0
15.216    -0.230
  5 1.0     1 1.0    19 1.0
 91
MgH2PO4+    300 1.0       0.0       0.0                           0.0
21.066    -1.120
  5 1.0     1 2.0    19 1.0
 92
MgF+        200 1.0       0.0       0.0                           0.0
1.82       3.2
  5 1.0    20 1.0
 93
NaOH        300 0.0       0.0       0.0                           1.0
 -14.18   0.0
  6 1.0     3 1.0     1 -1.0
 94
NaCO3-      200 -1.0      4.0       0.0                           2.0
1.27      8.91
  6 1.0    15 1.0
 95
NaHCO3      300 0.0       4.0       0.0                           1.0
10.079    -3.561
  6 1.0     1 1.0    15 1.0
 96
NaSO4-      200 -1.0      6.0       0.0                           0.0
0.70      1.12
  6 1.0    16 1.0
 97
NaHPO4-     300 -1.0      0.0       0.0                           1.0
12.636    -3.530
  6 1.0     1 1.0    19 1.0
 98
NaF aq      200 0.0       0.0       0.0                           0.0
 -0.24
  6 1.0    20 1.0
 99
KOH         300 0.0       0.0       0.0                           1.0
 -14.46   0.0
  7 1.0     3 1.0     1 -1.0
100
KSO4-       210 -1.0      6.0       0.0                           0.0
0.85       2.25     3.106       0.0         -673.6
  7 1.0    16 1.0
101
KHPO4-      300 -1.0      0.0       0.0                           1.0
12.636    -3.530
  7 1.0     1 1.0    19 1.0
102
FeOH+       300 1.0       2.0       0.0                           1.0
-9.500    13.2
  8 1.0     3 1.0     1 -1.0
105
FeCl+       200 1.0       2.0       0.0                           0.0
 0.14
  8 1.0    14 1.0
106
FeCO3       200 0.0       6.0       0.0                           2.0
4.38
  8 1.0    15 1.0
107
FeHCO3+     300 1.0       6.0       0.0                           1.0
 12.329   -3.561 
  8 1.0    15 1.0     1 1.0
108
FeSO4       200 0.0       8.0       0.0                           0.0
2.25      3.23
  8 1.0    16 1.0
109
FeHSO4+     300 1.0       +8.0                                    -1.0
3.068
  8 1.0    16  1.0    1  1.0
110
Fe(HS)2     200 0.0       -2.0      0.0                           2.0
8.95  
  8 1.0    25 2.0
111
Fe(HS)3-    200 -1.0      -4.0      0.0                           3.0
10.987
  8 1.0    25 3.0
112
FeHPO4      300 0.0       2.0       0.0                           1.0
15.946    -3.530
  8 1.0     1 1.0    19 1.0
113
FeH2PO4+    300 1.0       2.0       0.0                           0.0
22.253    -4.520
  8 1.0     1 2.0    19 1.0
114
FeF+        200 1.0       2.0       0.0                           0.0
 1.0
  8 1.0    20 1.0
115
Fe+3        200 3.0       3.0       9.0                           -2.0
-13.02     9.68
  8 1.0     2 -1.0
117
FeOH+2      400 2.0       3.0       0.0                           -1.0
-15.21    20.08
  8 1.0     3 1.0     2 -1.0    1 -1.0
118
FeOH2+      400 1.0       3.0       0.0                           0.0
-18.69    26.78
  8 1.0     3 2.0     1 -2.0    2 -1.0
119
FeOH3       400 0.0       3.0       0.0                           1.0
-25.58    34.48
  8 1.0     3 3.0     1 -3.0    2 -1.0
120
FeOH4-      400 -1.0      3.0       0.0                           2.0
-34.62    41.58
  8 1.0     3 4.0     1 -4.0    2 -1.0
121
Fe2OH2+4    400 4.0       6.0       0.0                           -2.0
-28.99    32.86
  8 2.0     3 2.0     1 -2.0    2 -2.0
122
Fe3OH4+5    400 5.0       9.0       0.0                           -2.0
-45.36    43.34
  8 3.0     3 4.0     1 -4.0    2 -3.0
123
FeCl+2      300 2.0       3.0       0.0                           -2.0
-11.54    15.28
  8 1.0    14 1.0     2 -1.0
124
FeCl2+      300 1.0       3.0       0.0                           -2.0
-10.89    9.68
  8 1.0    14 2.0     2 -1.0
125
FeCl3       300 0.0       3.0       0.0                           -2.0
-11.89    9.68
  8 1.0    14 3.0     2 -1.0
126
FeSO4+      300 1.0       9.0       0.0                           -2.0
-8.98     13.59
  8 1.0    16 1.0     2 -1.0
127
FeHSO4+2    400 2.0       +9.0                                    -3.0
-8.552
  8 1.0    16  1.0    1  1.0    2  -1.0
128
FeSO42-     300 -1.0      15.0      0.0                           -2.0
-7.64     14.28
  8 1.0    16 2.0     2 -1.0
129
FeHPO4+     400 1.0       3.0       0.0                           -1.0
 4.756    11.91
  8 1.0     1 1.0    19 1.0     2 -1.0
130
FeH2P+2     400 2.0       3.0       0.0                           -2.0
 11.963   5.48
  8 1.0     1 2.0    19 1.0     2 -1.0
131
FeF+2       300 2.0       3.0       0.0                           -2.0
-6.82     12.38
  8 1.0    20 1.0     2 -1.0
132
FeF2+       300 1.0       3.0       0.0                           -2.0
-2.22     14.48
  8 1.0    20 2.0     2 -1.0
133
FeF3        300 0.0       3.0       0.0                           -2.0
0.98      15.08
  8 1.0    20 3.0     2 -1.0
134
MnOH+       300 1.0       2.0       0.0                           1.0
-10.59    14.40
  9 1.0     3 1.0     1 -1.0
136
MnCl+       200 1.0       2.0       0.0                           0.0
 0.61      0.0
  9 1.0    14 1.0
137
MnCl2       200 0.0       2.0       0.0                           0.0
 0.25      0.0
  9 1.0    14 2.0
138
MnCl3-      200 -1.0      2.0       0.0                           0.0
 -0.31     0.0
  9 1.0    14 3.0
139
MnCO3       200 0.0       6.0       0.0                           2.0
4.90
  9 1.0    15 1.0
140
MnHCO3+     300 1.0       6.0       0.0                           1.0
 12.279    -3.561
  9 1.0    15 1.0     1 1.0
141
MnSO4       200 0.0       8.0       0.0                           0.0
 2.25     3.37
  9 1.0    16 1.0
142
Mn(NO3)2    200 0.0       12.0      0.0                           0.0
0.6       -0.396
  9 1.0    17 2.0
143
MnF+        200 1.0       2.0       0.0                           0.0
 0.84      0.0
  9 1.0    20 1.0
144
Mn+3        200 3.0       3.0       0.0                           0.0
 -25.51    25.8
  9 1.0     2 -1.0
150
AlOH+2      310 2.0       0.0       0.0                           1.0
-5.00     11.49      -38.253     0.0         -656.27     14.327
 10 1.0     3 1.0     1 -1.0
151
AlOH2+      310 1.0       0.0       0.0                           2.0
-10.1     26.90      88.500      0.0         -9391.6     -27.121
 10 1.0     3 2.0     1 -2.0
152
AlOH3       310 0.0       0.0       0.0                           3.0
-16.9     39.89      226.374     0.0         -18247.8    -73.597
 10 1.0     3 3.0     1 -3.0
153
AlOH4-      310 -1.0      0.0       0.0                           4.0
-22.7     42.30      51.578      0.0         -11168.9    -14.865
 10 1.0     3 4.0     1 -4.0
154
AlSO4+      200 1.0       6.0       0.0                           0.0
 3.5       2.29
 10 1.0    16 1.0
155
AlSO42-     200 -1.0      12.0      0.0                           0.0
 5.0       3.11
 10 1.0    16 2.0
156
AlHSO4+2    300 2.0       +6.0                                    -1.0
2.448      3.85
 10 1.0    16  1.0    1  1.0
157
AlF+2       200 2.0       0.0       0.0                           0.0
 7.0       1.06
 10 1.0    20 1.0
158
AlF2+       200 1.0       0.0       0.0                           0.0
 12.7      1.98
 10 1.0    20 2.0
159
AlF3        200 0.0       0.0       0.0                           0.0
 16.8      2.16
 10 1.0    20 3.0
160
AlF4-       200 -1.0      0.0       0.0                           0.0
 19.4      2.20
 10 1.0    20 4.0
161
AlF5-2      200 -2.0      0.0       0.0                           0.0
 20.6      1.84
 10 1.0    20 5.0
162
AlF6-3      200 -3.0      0.0       0.0                           0.0
 20.6     -1.67
 10 1.0    20 6.0
164
H3SiO4-     210 -1.0      0.0       0.0                           1.0
 -9.83     6.12      -302.3724   -0.050698   15669.69    108.18466   -1119669.0
 13 1.0     1 -1.0
165
H2SiO4-2    210 -2.0      0.0       0.0                           2.0
 -23.0     17.6      -294.0184   -0.072650   11204.49    108.18466   -1119669.0
 13 1.0     1 -2.0
166
SiF6-2      400 -2.0      0.0       0.0                           -4.0
 30.18     -16.26
 13 1.0     1 4.0    20 6.0     3 -4.0
170
BaOH+       300 1.0       0.0       0.0                           1.0
 -13.47
 11 1.0     3 1.0     1 -1.0
171
BaCO3       210 0.0       4.0       0.0                           2.0
2.71       3.55      0.113       0.008721
 11 1.0    15 1.0
172
BaHCO3+     310 1.0       4.0       0.0                           1.0
 11.311    1.999     104.7933    0.04619749  -5151.79    -38.92561   563713.9
 11 1.0    15 1.0     1 1.0
173
BaSO4       200 0.0       6.0       0.0                           0.0
2.7
 11 1.0    16 1.0
176
SrOH+       301 1.0       0.0       5.0       5.0                 1.0
 -13.29
 12 1.0     3 1.0     1 -1.0
177
SrHCO3+     311 1.0       4.0       5.4       5.4                 1.0
 11.509    2.489    104.6391    0.04739549  -5151.79    -38.92561   563713.9
 12    1.0 15    1.0  1    1.0
178
SrCO3       210 0.0       4.0                                     2.0
 2.81      5.22     -1.019      0.012826
 12    1.0 15    1.0
179
SrSO4       200 0.0       6.0                                     0.0
 2.29      2.08
 12    1.0 16    1.0
180
LiOH        300 0.0       0.0       0.0                           1.0
 -13.64   0.0
 21 1.0     3 1.0     1 -1.0
181
LiSO4-      200 -1.0      6.0       0.0                           0.0
0.64      0.0
 21 1.0    16 1.0

LOOK MIN
Calcite    2   4.0       -8.480    -2.297         1
  15 1.0          4 1.0
-171.9065   -.077993    2839.319      71.595
Aragonit   2   4.0       -8.336    -2.589         1
  15 1.0          4 1.0
-171.9773   -.077993    2903.293      71.595
Dolomite   3   8.0       -17.09    -9.436         0
   4 1.0          5 1.0         15 2.0
Siderite   2   6.0       -10.89    -2.48          0
   8 1.0         15 1.0
Rhodochr   2   6.0       -11.13    -1.43          0
   9 1.0         15 1.0
Strontit   2   4.0       -9.271    -0.40          1
  12 1.0         15 1.0
155.0305                -7239.594   -56.58638
Witherit   2   4.0       -8.562    0.703          1
  11 1.0         15 1.0
607.642     0.121098    -20011.25   -236.4948
Gypsum     3   6.0       -4.58     -0.109         1
   4 1.0         16 1.0          3 2.0
68.2401                 -3221.51    -25.0627
Anhydrite  2   6.0       -4.36     -1.71          1
   4 1.0         16 1.0
197.52                  -8669.8     -69.835
Celestit   2   6.0       -6.63     -1.037         1
  12 1.0         16 1.0
-14805.9622  -2.4660924  756968.533  5436.3588   -40553604.0
Barite     2   6.0       -9.97     6.35           1
  11 1.0         16 1.0
 136.035      0.0        -7680.41    -48.595
Hydroxap   4   0.0       -3.421    -36.155        0
   3 1.0         65 3.0          4 5.0          1 -4.0
Fluorite   2   0.0       -10.6     4.69           1
   4 1.0         20 2.0
66.348                  -4298.2     -25.271
SiO2 (a)   2   0.0       -2.71     3.34           1
  13 1.0          3 -2.0
 -0.26       0.0         -731.0
Chalcedy   2   0.0       -3.55     4.72           1
  13 1.0          3 -2.0
 -0.09       0.0         -1032.0
Quartz     2   0.0       -3.98     5.99           1
  13 1.0          3 -2.0
 0.41        0.0         -1309.0
Gibbs(c)   3   0.0       8.11      -22.8          0
  10 1.0          3 3.0          1 -3.0
Al(OH)3a   3   0.0       10.8      -26.5          0
  10 1.0          3 3.0          1 -3.0
Kaolinit   4   0.0       7.435     -35.3          0
   3 1.0          1 -6.0        13 2.0         10 2.0
Albite     4   0.0       -18.002   25.896         0
   6 1.0        153 1.0         13 3.0          3 -8.0
Anorth     4   0.0       -19.714   11.58          0
   4 1.0        153 2.0         13 2.0          3 -8.0
Kspar      4   0.0       -20.573   30.82          0
   7 1.0        153 1.0         13 3.0          3 -8.0         
Kmica      4   0.0       12.703    -59.376        0
   7 1.0         10 3.0         13 3.0          1 -10.0
Chlorite   5   0.0       68.38     -151.494       0
   3 -6.0         1 -16.0        5 5.0         10 2.0         13 3.0
Ca-Mont    5   0.0       -45.027   58.373         0
   3 -12.0        4 0.165      153 2.33        13 3.67         1 2.0
Talc       4   0.0       21.399    -46.352        0
   5 3.0         13 4.0          3 -4.0         1 -6.0
Illite     6   0.0       -40.267   54.684         0
   3 -11.2        7 0.6          5 0.25       153 2.3         13 3.5
   1 1.2
Chrysotl   4   0.0       32.2      -46.8          1
   3 1.0          1 -6.0        13 2.0          5 3.0
13.248       0.0         10217.1     -6.1894     0.0
Sepiol c   4   0.0       15.76     -10.7          0
   5 2.0         13 3.0          1 -4.0         3  -0.5
Sepiol d   4   0.0       18.66     0.0            0
   5 2.0         13 3.0          1 -4.0         3  -0.5
Hematite   3   6.0       -4.008    -30.845        0
 115 2.0          3 3.0          1 -6.0
Goethite   3   3.0       -1.0      14.48          0
 115 1.0          3 2.0          1 -3.0
Fe(OH)3a   3   3.0       4.891     0.0            0
 115 1.0          3 3.0          1 -3.0
Pyrite     4   0.0       -18.479   11.3           0
   1 -2.0         2 -2.0         8 1.0         25 2.0
FeS ppt    3   0.0       -3.915    0.0            0
   8 1.0         25 1.0          1 -1.0
Mackinit   3   0.0       -4.648    0.0            0
   8 1.0         25 1.0          1 -1.0
Vivianit   3   6.0       -36.000   0.0            0
   8 3.0         19 2.0          3 8.0
Pyrolusi   4   4.0       41.38     -65.11         0
   9 1.0          3 2.0          1 -4.0         2 -2.0
Hausmani   4   8.0       61.03     -100.64        0
   9 3.0          3 4.0          1 -8.0         2 -2.0
Manganit   4   3.0       25.34     0.0            0
   9 1.0          3 2.0          1 -3.0         2 -1.0
Pyrochro   3   2.0       15.2      0.0            0
   9 1.0          3 2.0          1 -2.0
PCO2       1   4.0       -1.468    -4.776         1
  35 1.0
108.3865    0.01985076  -6919.53    -40.45154    669365.0
O2 gas     1   4.0       -2.96     -1.844         0
  32 1.0
H2 gas     1   -2.0      -3.15     -1.759         0
  33 1.0
N2 gas     1   0.0       -3.26     -1.358         0
  24 1.0
H2S gas    1   -2.0      -0.997    -4.57          0
  43 1.0
CH4 gas    1   -4.0      -2.86     -3.373         0
  26 1.0
NH3 gas    1   -3.0      1.77      -8.17          0
  50 1.0
Melanter   3   8.0       -2.209    4.91           1
   3 7.0          8 1.0         16 1.0
 1.447       -0.004153   0.0         0.0         -214949.0
Alunite    5   12.0      -1.4      -50.25         0
  10 3.0          3 6.0          1 -6.0         7 1.0         16 2.0
K-Jarosit  5   21.0      -9.21     -31.28         0
 115 3.0          3 6.0          1 -6.0         7 1.0         16 2.0

END


Data received from Jim Ball 12/10/89.  Major ions should be same as
Nordstrom and others, 1990 in Melchoir, D. C., and Bassett, R. L.,
eds., Chemical Modeling of Aqueous Systems II: American Chemical
Symposium Series 416, pages 398-413.

Changed Fe+3 to be 115 and Mn+3 to be 144.  Alumino-silicates taken
from WATEQ2 by D. Parkhurst.

12/2/92: Alkalinity updated. Negative values for H+, HSO4, Fe+3. Revised
alkalinities to be consistent.

5/93: Revised some data to be more consistent with WATEQ4F data tables.

4/17/94: Remove polysulfide species.

6/19/96:
	Worked on consistency with data in wateq4f and phreeqc.
	Added analytical expression for KSO4, H2S, and NH3.
	Added delta H for MgOH+, NaHCO3, MnHCO3+, FeHCO3+, AlHSO4+2.
	Changed log K and delta H for AlSO4+, Al(SO4)2-
	Added delta H for goethite.

$Header: /hass_soft/netpath2.13/bin_data/RCS/db.dat,v 1.4 1997/01/08 14:38:20 rsregan Exp rsregan $
