CLASS                                                                           
  5  6
 C  CA NA
CALCITE    CA   1.0000000 C    1.0000000 RS   4.0000000 I1   1.1000000 I2   0.0000000
H-Exch     NA   1.6000000 CA  -1.0000000
CO2 GAS    C    1.0000000 RS   4.0000000 I1 -22.0000000 I2   0.0000000

 3 1 9 0 0  1.0000  0.0000000000 1.000
   0.000 100.000   0.000   0.000 -25.000  50.000 100.000
   0.000   0.000      0.      0.   0.000   0.000
 -40.000 -25.000   0.000   0.000   0.000
 -40.000 -25.000   0.000   0.000   0.000  50.000

